10
5
4
1049 8409 8444 6054
3
5983 2726 3627
2
8591 4074
3
4610 7157 3958
2
8562 1304
5
2
7490 5898
3
4970 9393 1788
1
3155
3
5837 7236 5894
3
6293 6630 3662
10
4
8284 2317 7755 3301
3
1040 8514 2311
2
2786 3048
2
2967 9401
3
9123 9614 5931
4
1536 8973 4761 4840
3
5688 2072 7870
1
8669
3
9216 5805 9908
3
8187 5501 9890
10
2
2117 3206
5
4990 1563 3756 4689 5945
1
9218
4
3047 4065 5757 5997
3
8520 4229 8599
5
9267 9510 1150 5826 2663
4
8967 7190 1050 2283
4
7056 8898 3960 1366
4
7747 7540 9784 9134
2
5041 6904
20
12
5978 2854 2304 9004 8335 5980 8949 4915 2544 6418 6674 7132
7
1583 5883 4544 5954 6841 5407 4015
10
9957 5150 1463 3777 9428 2151 9114 8305 2968 2395
16
5897 8543 1906 8227 1710 5037 5639 8162 3814 8853 2399 5498 6539 6491 1598 7199
8
4404 6929 1207 4280 2271 8169 2525 9626
16
4156 2962 2645 6678 6696 9546 1656 1555 6544 8188 8568 5099 8847 4719 1631 9866
15
6023 2750 3912 2209 7664 7902 5512 7066 4008 3526 9006 6947 2596 6358 3042
15
6207 4098 8608 1124 4843 1432 7920 7061 6626 1421 2356 5529 4450 7990 6408
4
1059 4261 3813 9115
14
9774 5821 4530 4754 9238 8867 3383 7994 9285 1737 1184 2505 7859 5698
19
6046 8295 2962 7790 3077 8844 5263 9786 7057 3377 4329 1146 3060 8284 1481 8248 1453 2122 6639
20
9570 4395 6574 5572 4509 4955 5313 5747 3384 2928 3240 3090 5656 7702 6575 9680 5423 6505 8604 8027
18
1324 6226 9097 6687 1415 6151 1309 6656 1483 3332 1147 1045 2668 8054 1093 1356 7837 6385
2
2479 4331
17
6645 2809 2234 9761 4684 2689 8431 5808 5389 3110 7216 1537 7627 7171 1970 8879 3239
10
3485 2982 3615 2153 5824 6877 4554 5375 2247 7298
19
4018 6574 9363 5319 5051 3597 2408 8391 3092 7541 3507 2397 8852 6349 3881 8271 2920 5576 6670
12
4222 2968 8293 3306 7425 8375 8942 8376 6491 3533 4598 2784
17
2359 7300 9358 5349 8859 3325 4913 2336 8413 2354 9881 3973 8229 9660 2967 9386 5003
2
7303 2084
30
15
3747 2625 6377 4474 5422 7839 1414 4502 2752 4993 9969 3547 1150 3041 6357
11
2521 2014 8164 8313 7085 3140 3792 3136 3899 6256 3168
6
3715 6333 7348 7259 7017 4292
19
6068 1945 1369 1595 5106 3117 4140 3671 1366 7231 4031 1937 8386 4743 7497 4150 7468 2833 4361
14
1923 4343 9729 3377 1894 5356 9727 2123 3368 5615 6852 2568 9295 5038
3
7428 8364 4160
18
6118 9875 1471 7972 5921 2298 3251 7837 5753 3592 5691 5278 7943 6074 8799 1719 2243 9656
16
4555 8221 8549 3810 2432 7050 8136 1814 6548 2707 9552 3928 6373 4534 3678 7656
15
2132 3640 9857 3066 1613 6656 7525 9093 8287 7012 7732 7251 5981 8258 1547
10
2291 7223 8774 3749 1288 1311 4908 1890 5329 5627
9
2557 7898 1881 7931 3592 4646 9701 6200 7903
10
1918 4039 2634 7766 5650 8113 4236 5893 1496 3827
7
4215 6979 1001 1373 1799 1433 9670
3
3247 6912 2296
6
1178 1310 8555 3413 3313 6840
10
1142 9092 5193 7085 2779 3295 7201 5509 3920 5735
6
8851 3306 5752 2448 5952 4231
20
1402 7599 5170 9675 6022 3616 5416 9822 1965 8896 8428 1519 7485 7265 3285 6071 3381 5232 6112 9499
19
3430 7577 6328 2751 2748 8622 9422 4416 5973 1367 5707 6060 2034 7759 3542 3050 2792 8878 4484
15
8688 6998 2207 8375 2464 3424 1369 5237 7575 3845 9288 9964 7922 1459 1411
16
7979 1384 6655 8194 7446 6956 7918 3083 8093 2349 7196 5994 3565 3576 6019 2386
17
4336 5142 5048 3672 5374 1744 4401 8800 7980 5687 9843 6415 7989 2758 8453 3965 7219
5
9236 2197 8552 9122 8141
20
4976 4359 6438 8327 3796 3711 8708 3627 9856 6425 8590 8668 4062 6171 7668 1498 7722 3916 6329 2815
8
4537 6228 2959 3231 1664 3009 3154 7609
7
4286 9818 3683 4329 2485 9335 3759
2
6043 6814
18
9264 1627 1006 9154 7889 2513 8727 9150 4715 8960 9850 4471 3920 7470 2176 7723 4608 5107
1
8230
20
9610 8555 8309 9436 5936 9185 7443 5030 2966 1783 7986 9988 4566 7047 7945 7702 7868 1826 5125 8929
40
4
7662 1398 5940 5969
1
1174
2
1624 5607
16
1637 3141 4682 3533 2747 6719 7529 6655 7004 4254 6598 3115 4314 9089 2242 2488
4
1143 9480 1460 6333
6
3658 8062 3608 5288 3445 2473
5
9767 4884 1152 7363 5990
12
3155 1015 2572 8048 6350 7052 7091 4440 1920 4863 3898 8660
7
3175 9503 4032 9334 2715 7416 4597
6
5269 7102 2361 3388 6407 5729
5
8255 2819 2757 7102 7647
2
3975 9668
14
2899 8540 2612 4871 6929 2707 5776 2395 9437 5392 6046 3956 4198 7484
18
6120 1211 1786 5230 4303 6040 7806 2995 3795 3981 9173 4727 8935 5370 5325 9034 8434 3364
12
3787 6003 1491 2483 5499 1369 5342 2306 2123 2481 3827 8982
1
6216
8
6250 5709 7184 8821 8761 2218 5275 9576
14
7035 6443 1502 3375 5224 3872 7345 1409 6509 5026 8486 6942 3457 1335
2
8819 8960
19
6394 5076 4000 7599 4234 5026 3419 1819 4964 9449 7712 3650 8750 7204 8624 7381 5341 8906 6724
14
3056 3977 7946 3672 4320 7293 4527 2900 9027 2856 4669 7822 1518 7399
4
9326 1613 1606 7825
17
4758 9678 8882 3842 8990 7300 4009 2286 4153 6663 4646 7937 5508 4128 8890 4297 4637
1
5618
6
3327 7219 6337 1411 1972 7104
6
7339 3840 9028 8357 4684 5458
1
6400
8
3300 5058 3302 5813 5865 7536 2196 9434
12
8972 3008 1739 5335 5163 7705 5219 2655 5360 5837 9027 3267
1
7803
15
1833 6714 9793 1112 5423 8746 7362 6986 2624 5375 5156 9773 8775 3987 1396
16
6357 9513 4341 4415 6834 5742 3108 7039 1536 3406 6900 2027 8476 2968 1905 4337
8
7554 6878 7895 2512 5301 4696 8682 7515
4
7954 1423 9504 8734
1
7661
13
3865 5059 3675 4591 3568 1027 8114 6785 4434 1419 4456 1316 1044
18
8398 2450 1248 6206 6059 3720 3317 3820 7451 9062 9071 5244 2010 4196 5679 5979 5114 9190
9
7459 8406 8866 5203 1321 4452 3555 2994 2018
13
2476 1200 8676 2037 7891 7889 5340 1066 1078 2159 6544 8418 1058
15
1428 8557 9980 2091 2459 8248 3030 4006 4217 9885 3741 8408 6546 5798 4639
50
18
4865 7441 2197 7781 6347 6815 4206 7798 1192 6781 3786 1610 6236 5976 3430 1115 2703 9901
15
2036 7973 6367 6172 2965 5887 2878 7385 7639 9229 9757 3013 1176 8732 3749
5
7242 9142 8607 7704 8619
20
4710 9611 8484 3222 4042 6905 5726 1248 4991 3707 9057 6165 4276 1822 8244 7657 8996 8572 1786 8410
10
7637 1489 9313 1569 2265 7948 8480 2046 4855 6647
13
4471 5523 9497 4444 2572 9937 6901 6663 5420 4394 4104 1061 4861
5
3423 3343 3295 4444 4171
1
4832
19
5512 4786 1348 2563 1230 8113 1220 8896 4419 5298 7521 6593 9386 7373 4312 3877 9640 7655 4219
1
6717
2
2901 1603
7
1646 5132 4533 9789 4892 8192 3926
13
3624 3962 8230 5694 9728 7621 1696 3553 3266 9141 7129 8276 4158
11
5399 9270 7981 9897 4070 3455 8062 8146 2749 4895 8651
19
1022 9800 6097 2678 6105 4701 7662 9875 4701 5772 9789 7337 3861 8828 9394 2653 6069 8300 6040
18
1171 9594 1631 1730 3198 4578 1617 7636 4648 6586 3576 9201 4265 8273 6420 2979 5909 5824
13
2558 3686 9533 7628 6501 3100 7530 3576 3906 7626 4462 7006 6100
4
7293 4272 4301 7407
7
6964 2271 9772 1645 6776 4812 8555
10
4171 2707 5931 9369 9609 6155 9501 9733 6798 5986
2
5033 5689
12
6175 4762 3697 7579 4890 5569 5933 2291 2017 4345 5095 9635
2
3914 5991
5
5137 8641 6610 9271 7782
7
1060 1394 5645 1125 9657 5354 4047
17
2964 8266 9398 7560 8562 2966 8698 3052 6944 1518 8666 8633 9952 6063 3864 6171 1850
6
6475 4409 8232 9020 9642 2848
4
5755 6631 9012 5224
18
4416 4648 5614 2486 9672 8193 2274 9702 2575 2944 2125 2227 3261 4705 3399 5969 9265 3348
2
3359 9772
17
7296 6620 6058 8787 5786 2885 4065 3055 4264 7839 6653 9737 5710 6381 2714 7849 5376
10
8000 6421 3225 1632 7188 6279 7442 8411 6478 8986
12
4556 7733 5800 6609 3689 7989 8957 3731 9260 4974 2326 4640
15
8122 7501 1307 9331 8473 6679 8196 6282 1737 8283 9609 7703 9760 6109 5696
18
2625 1952 8407 6699 1582 6067 7560 6686 2106 7540 8641 8105 9385 2617 3902 5888 4702 4312
9
1358 4268 8167 2003 4823 2251 3849 8197 1209
20
3412 2110 4543 2116 1398 2411 9449 7333 5668 6397 1038 2340 6784 7519 2555 8156 4992 5136 7854 6893
13
8647 4348 4181 7750 3411 7375 5387 7112 2654 8005 6223 6550 9931
1
5883
18
4547 9038 1298 3702 1766 8527 4676 8276 1552 8072 1053 1595 7057 6982 4178 8216 7051 6533
11
1685 9039 2995 3287 8136 8826 2576 6978 1964 6928 5314
7
7291 4292 5878 2864 3112 4488 2923
14
7467 2669 2109 8081 8706 5353 5137 3636 9957 2283 7214 1614 7166 6419
12
5568 4704 7431 2823 6767 6349 9857 8421 5743 5632 7513 5408
13
4936 4591 7870 5434 8448 5359 2026 2059 3043 5283 7441 7798 1466
7
9745 3141 3695 5150 2670 8741 9220
14
5104 1114 4087 7187 1480 1925 6911 9974 3199 6032 4794 3599 8016 7795
9
5732 1253 5457 4324 9516 1469 3758 2293 3666
16
2338 2696 7308 6118 3886 3858 1040 2527 3449 3930 2065 9069 7784 3892 9085 8309
5
9632 4055 6401 8489 8735
60
9
6709 9466 7067 8231 1696 8537 5027 5890 9627
18
2387 7102 8190 4574 5957 8529 5487 1310 7927 3538 8985 2140 4642 8905 5879 9189 2719 1310
5
7506 7886 5217 6462 3334
9
7459 6195 8691 1893 7084 2227 7200 7898 1782
6
5041 9679 8546 1457 4798 9607
3
7060 2998 6250
19
2993 4126 9885 4551 3038 5931 8817 9732 2650 5941 6605 5679 9577 1168 4586 4075 6880 8147 8634
9
7703 3609 1900 3238 7026 7280 3410 1013 6238
2
6787 6891
9
5864 6020 6087 8272 3491 8179 4616 1639 9630
8
8663 9197 9426 3354 4684 2598 9859 2901
14
5512 1360 7363 2005 5194 2345 5364 6082 4892 6320 1515 5918 1742 6742
7
6879 3222 7355 3159 7793 6445 7286
1
1567
8
2787 9339 4602 4557 8162 6768 4289 9447
5
1080 7936 1908 3006 4020
14
6397 8830 8353 6127 4412 2299 9736 8322 5382 7178 4002 2440 2393 3664
3
4282 8178 7048
19
2515 9825 8315 2188 6569 3470 2325 2976 6500 3851 9155 3632 7553 3952 5155 5588 9576 8151 4294
19
6277 1189 6399 3790 7801 8036 1969 1832 3024 4204 1344 2770 8478 8342 3144 4365 7843 6026 5058
7
1481 7486 4268 6584 2598 3650 2000
13
3226 5276 1973 8596 5355 1155 1794 4461 8249 2320 1687 6383 1179
18
6259 7499 9548 5143 7441 5375 9655 9293 1106 1234 8169 8346 8358 7076 3694 4799 6915 3243
13
8409 6582 5895 8449 7255 1268 9087 1601 6995 7658 8595 9402 7123
5
1433 9652 8837 4601 1028
5
1698 1195 2371 3800 3567
14
5050 2990 9495 2782 6978 5254 4080 8139 1798 8513 9555 7907 7398 4681
19
5413 3713 1954 7661 8916 3985 8717 4338 3516 1993 5934 1669 4094 1287 6239 5688 9678 4374 2763
15
5548 6912 2079 7580 6445 2398 9600 3101 6273 8556 7133 3805 1747 6585 1306
4
8552 5731 2046 8837
15
2162 5323 3649 2045 3976 1925 4684 8709 4270 2134 8021 7213 7593 9756 3058
17
6791 5138 7047 4952 4176 8485 9712 4552 8226 2976 9190 7562 8497 8944 4034 4755 3270
15
7355 6430 1498 2054 4259 6972 1996 4044 2619 2066 7460 8026 2883 9288 5817
6
5046 9355 5609 3464 9138 4893
13
1627 6590 5167 4699 4590 5613 2867 5761 3018 4282 3697 8371 2022
12
9228 6778 6466 1191 6166 6304 2792 1238 4006 1055 1617 4878
11
2456 5554 4845 6340 3783 1413 9311 5951 3928 7170 8971
13
1911 2895 2466 3535 4226 6109 7090 7749 1989 4881 8087 7082 5974
12
1977 8619 8067 6345 1337 1622 4352 9818 8141 2544 5051 1571
17
6715 7787 5248 9195 5173 7188 8376 8490 8290 3704 9422 3507 6025 8578 5994 9123 5876
8
1966 3727 3855 7887 3415 4362 5100 3981
5
2048 2069 2656 2267 4039
6
4977 4392 5289 4453 3879 7536
4
2645 2605 9080 3150
18
6755 7706 5897 7338 9537 9482 5238 6577 8768 1128 6423 6876 5360 2609 5714 1469 6518 3691
12
1394 4638 4053 6653 3011 3953 2098 6945 8538 7291 8653 8466
9
3918 8331 7369 3473 2352 9460 3991 8551 2175
7
6155 9192 9356 8951 6080 5619 5308
15
7890 7254 8928 3688 5807 2803 6180 9344 9866 7339 3330 6854 3619 7288 5836
18
5674 4236 9013 4360 6043 7462 2025 7330 7241 3148 1464 3471 8793 5293 1750 1919 8278 8451
11
2138 7375 5557 9499 3267 3374 8269 7398 6472 6531 4429
16
9729 8199 7515 5113 1058 2137 4178 5185 1409 1545 2255 4829 4054 1374 1992 5178
8
9171 6538 9431 8253 5305 2163 1638 1981
4
2074 4431 7565 6175
7
7690 6683 8902 7370 1828 4598 9049
3
8210 7124 8496
12
9526 5289 8629 8026 8341 6597 5758 8703 2860 8766 7352 9313
7
4378 5842 6949 4018 2894 1109 8020
16
2104 6882 4516 8380 5188 5194 9776 8340 4205 8724 3031 3075 2035 6320 3839 2458
2
6254 3372
100
31
8357 1416 2932 2397 3586 4071 1853 2341 7572 3369 3739 7709 6702 1305 6861 1184 4036 6420 8514 8682 3836 2568 6160 9641 6524 9809 1283 4444 5974 3507 9862
41
2556 6995 6599 4576 7591 4283 3475 9128 7751 6418 6782 9904 7440 2009 3506 6615 6414 5365 2832 8806 7703 4449 5557 1850 5425 6556 7453 9466 3211 7214 5918 6214 2783 7324 3799 4752 1697 4946 9946 9397 7366
3
4850 2636 1279
2
5731 4839
27
9269 8565 5339 6636 2152 9827 6436 8179 8939 6199 2630 5590 7995 6069 1591 1983 5930 5436 1938 1031 1116 5743 3885 3073 9656 5226 3228
31
3196 9628 1934 2313 5319 5473 8793 5304 6574 5680 8233 1851 1357 1971 7400 3554 1000 3382 9026 5765 1375 9231 9468 8302 4283 9016 5512 2576 3686 3089 5194
16
7563 1397 5944 6489 7821 1248 7811 5363 9205 5823 1400 1415 9613 7142 4401 6046
37
6261 5305 3134 4733 3768 7938 8429 5006 5049 4979 7158 4783 6380 1486 6294 6235 1622 8780 6141 9304 5196 8735 5716 4396 6043 5635 1911 5331 9501 5288 7577 5706 7346 7004 2461 5328 1802
42
1425 9801 7965 1600 5470 1653 8916 9991 4874 9628 3783 6379 8204 5881 4156 5409 5017 4864 7540 3642 4861 1627 4986 2865 2541 7102 8652 6269 6706 1712 3806 9726 1523 8280 7688 9398 5567 6799 1756 2277 6092 3106
23
3099 1532 6849 3686 5241 6423 5461 5510 6849 1924 7025 5677 4465 1783 1012 3973 7839 8893 7896 8774 3440 2558 5537
46
2445 6194 7062 4812 5593 9496 4687 3215 9383 3000 1553 8481 3515 6604 3184 6978 6370 5815 8629 5035 4564 6419 8681 8522 5330 7834 7833 9275 7503 8595 2788 1729 6452 6322 6414 1715 9113 5033 7988 5134 5651 6849 9488 5056 4947 4992
3
5883 7223 2457
9
8390 4659 1899 4898 9825 4759 8100 2147 6752
15
3811 7256 3005 3612 7934 8002 2930 7435 8740 8425 1078 7464 8288 6655 9670
9
6291 7551 5406 1797 4400 8530 2683 8385 8329
16
1873 5327 4248 3119 2074 2427 5624 8312 5671 1687 3060 7445 3118 1327 1682 4665
20
6917 2341 7169 1504 3422 7228 5531 6559 8564 7480 5948 9451 9892 7036 3050 3511 9443 3292 4914 6339
15
3072 9857 7759 6352 8066 6375 3755 9725 6149 2329 4475 6301 2943 3116 2086
15
3559 3084 8013 5048 3725 6905 5069 2463 4384 1962 7089 8002 4430 1064 8925
9
5446 1968 9100 4784 1188 1231 1988 2978 2099
6
9099 9001 1295 5659 3970 9074
41
8877 8185 7041 5524 5682 5241 7389 7844 4271 1352 3918 8013 4201 1792 8294 3164 6777 1030 5504 6318 1304 8759 9348 7846 7106 2879 3654 7456 7391 9660 5871 9363 3045 9569 6065 9033 2403 7734 6090 4310 4867
26
1899 8772 5034 6034 1558 2908 9616 3346 8468 8041 4032 6161 7755 1005 8014 4073 4545 4197 9948 9789 4057 1041 8961 7318 8095 4838
6
9373 9485 3667 5881 7029 9475
47
5586 1681 1933 1997 9399 4516 4406 3922 8541 6058 2776 3685 3083 7792 4267 2096 8860 8547 3049 9285 5242 7079 2516 8864 6150 7275 3618 3608 8018 8485 4277 8728 9673 3749 3018 1024 8264 3137 3416 5039 4440 2946 2888 7930 4940 3274 9624
33
7659 6352 4175 1824 2016 9074 5345 5542 8157 2344 5527 1701 4126 6247 2567 2795 6633 5544 8570 9729 3458 6641 2800 2773 7868 1067 9971 2413 3614 2401 7779 7061 7238
10
7480 7695 2435 3437 5695 1210 7158 5004 4368 9708
6
6235 4013 3973 2312 5211 7940
1
8476
24
2161 9841 9783 7778 2050 1375 3985 7473 6662 8713 6453 1759 1791 4997 2433 3792 4492 7785 7275 7193 3786 7150 4587 6386
4
9995 7293 7540 7755
11
4447 2212 2737 4584 7510 2157 8295 3821 2486 8230 5623
48
4982 9950 2022 8900 1746 2089 1437 1668 9733 1601 3536 5127 1043 8305 3506 1560 9375 1014 2857 2055 1775 1199 8999 3502 2532 4877 6265 8962 2055 8116 4333 2688 8431 1474 7734 8897 8166 6685 2227 1904 7283 3157 1359 4382 5580 4158 1436 5315
8
9112 3481 4684 5024 5077 5485 1041 9537
30
1411 6905 2330 7805 4940 8360 8693 1812 8947 7309 8061 1681 1017 6599 7873 9774 6098 9622 8154 1819 6591 6073 7784 8860 1695 8245 7055 7830 7896 1630
21
4904 9815 7598 1102 8970 7469 1651 2549 2986 3200 6040 2136 7499 1137 3575 6560 1329 8077 1084 8569 7266
23
5290 9638 4636 3083 2858 3416 6779 8434 8963 2271 2780 7195 9020 7018 2302 7479 3156 3528 6990 5855 4581 7441 8721
6
1285 4685 3912 5717 7350 7798
46
6435 9786 7364 5216 6680 1952 8980 8036 4393 8542 7286 3615 6145 3626 9527 2784 4964 1415 2014 8462 8664 9270 7641 1167 6610 7972 4289 3310 7412 9420 1566 2056 3901 4722 8828 3082 5155 3144 4829 7215 2002 6455 6692 3741 9638 5036
23
6207 6508 3513 8601 6612 3572 8788 4523 5233 3443 4083 4783 4746 8649 9022 3167 1927 9453 9820 7252 9969 5246 5372
19
8386 4512 7419 7603 3520 2769 4982 7584 1945 2685 6930 9700 1402 8783 5922 8761 9468 5745 6925
5
4869 7380 9187 5544 2177
49
2839 5450 4670 5446 1271 4850 9288 2542 4064 5847 2950 9754 4495 7101 5972 1717 9634 6394 9968 7062 6565 5929 6414 2211 2582 6699 1997 3648 6060 8613 2981 5206 7296 6304 9084 2938 7808 3735 6784 2664 4465 1765 8537 9177 2352 2794 6134 2372 4436
4
4299 3303 1974 5762
15
9253 6072 4313 8599 1452 9971 3837 7237 6986 2445 5496 4522 2774 9155 8858
20
4249 7937 9251 6402 4487 3766 2132 8671 5125 2586 7157 4166 3331 7272 3671 1289 8471 6760 4287 3040
16
5752 6054 9716 8313 6494 4495 3257 2319 9825 5423 5128 5554 1061 4050 9650 6743
19
4341 5982 7551 5620 8969 1293 3967 3205 7505 7242 3366 6019 3667 9570 1456 5302 6550 6455 3736
45
7781 5325 4927 9049 6424 3947 3065 9978 9298 8984 1614 3204 4098 9654 1988 6463 5323 2790 3334 6147 3562 1369 6306 3140 6129 9558 7805 3410 9383 6405 1356 5008 4333 2576 8880 4405 6281 3966 2087 1921 3318 6565 8626 9567 6487
21
2433 1774 3265 4826 4418 5352 5853 9401 9744 1495 7404 7989 7484 7813 6962 9324 1356 3189 5355 2980 7572
32
8725 5291 2586 5002 9665 7132 7657 6302 8197 5209 1702 6543 7904 4557 2879 1463 8614 8307 4680 7946 9943 3197 5126 8525 2869 3922 3782 1902 3262 3174 9942 3103
11
6150 5276 5250 9417 2363 2684 5939 7973 3864 2828 7947
23
5303 4107 2263 4072 4876 1380 7507 3837 3856 4803 3393 9937 4259 9569 2245 4906 8266 9160 3515 4942 6101 1966 7892
43
2491 6782 9851 1316 5213 7714 2439 8907 5971 6536 2683 2451 8552 7341 3257 3988 3221 9654 7924 5571 7392 5817 5867 4065 8885 7561 8207 2234 2494 4146 1898 9583 7163 2371 5694 4430 6816 8043 8105 4506 1740 5200 3056
46
6514 7507 4499 8524 9616 5753 4346 6327 7263 7326 5938 1167 5487 7832 4699 8674 7171 1828 7756 9924 5564 2711 3097 8427 9788 5423 7257 8734 4980 6544 2621 4713 4009 9732 8170 4471 7173 2235 9927 9735 1854 1366 7377 7277 7902 6442
11
4625 2431 5641 1518 5858 5772 7652 8610 7777 4574 6797
41
8106 5430 9484 4276 6666 3939 2502 9505 2672 8821 1661 3545 1377 2574 2712 4320 5324 1138 7329 9430 5338 7236 1166 3081 5244 3376 6627 2891 4004 3963 4090 1757 6589 4631 6714 3590 9461 6690 4895 5947 2952
15
8650 7501 9208 9913 2919 4847 3586 3432 1836 4364 5592 1667 4531 4724 7482
30
1904 1153 2638 6363 1119 8758 3703 7593 6269 7048 6267 3218 1797 3308 6545 4783 4743 9591 7135 9328 2853 3955 1418 9553 4892 1001 7579 6636 3251 9894
15
8124 7078 7853 3418 6322 6741 5501 1886 7730 1335 7566 4585 6378 7374 6179
16
2347 6527 4418 9840 5397 2464 3784 2239 8353 3451 9047 6046 3840 7317 2242 5313
40
2823 9635 1739 7295 3260 3170 7093 1033 5304 7236 8002 3510 4780 1594 8872 6230 9009 9966 7856 4210 1821 9086 1757 2568 6173 8987 2676 1971 3541 6911 5040 6838 2886 6523 1353 9668 7078 4018 4656 2496
40
6341 9210 1274 5128 7938 7359 2939 3238 5410 3893 7016 4385 6950 5454 3871 5360 9709 4733 6173 2140 1071 9223 4654 5333 9364 2319 1026 5598 4716 9390 1795 6671 3599 3265 9726 9704 9111 4250 3963 5175
29
6409 6116 4541 2781 3317 3173 4140 9392 7945 7753 4585 6702 2613 1033 9050 3519 9206 2675 4380 1953 9950 2214 1935 7678 3101 1660 1433 7936 2830
31
5816 6328 7442 1012 4374 4514 9820 6174 9902 3631 8643 3133 9684 5636 4510 6341 5486 4806 5537 1412 4541 9283 5435 7822 6702 5944 3294 9184 1594 9822 3552
3
4564 3985 7681
38
5698 9097 7152 8167 2981 4815 9150 6066 3928 9839 1310 1369 8656 9693 2497 9544 9412 4226 8248 3899 2051 7471 9072 6555 2787 8676 5205 1837 8852 2294 7790 7823 4335 9209 7704 7088 6592 9761
36
8087 8082 7949 7301 7196 6378 1739 8875 1164 6438 3614 4199 2611 3878 7289 4580 2264 3150 2064 8334 9798 9013 3415 1987 6549 4641 2234 1797 9819 6015 5595 6905 4223 9021 4059 1702
19
3781 5289 3272 3662 5333 6191 4863 9943 5705 6896 4389 7366 6821 8617 2907 4890 9406 4860 9865
21
9288 1487 6663 4738 5028 4874 1741 2954 1826 4758 2961 6947 6045 6411 7545 2507 6482 9462 3189 3868 4739
1
8266
29
8657 6701 3238 5774 7783 7056 2473 7811 2291 4688 9678 8522 3594 1977 9084 2418 7122 8414 1297 4755 3401 2095 9512 1256 7597 1789 3351 4779 3182
9
3178 9550 8200 1322 4151 8521 3913 5165 1633
3
6282 9681 3843
35
4793 3724 4775 4869 9670 5710 1496 5609 3376 6692 4898 2834 3617 1743 7858 4164 2790 7008 3561 4067 7890 3287 2402 8098 1458 1149 1524 1876 7046 5412 7515 7449 6010 8263 5223
30
7208 9432 4952 8747 2293 6605 5538 2049 6865 9702 6912 3534 1682 3720 3830 9266 4533 1618 2348 4108 3089 9088 9501 8173 6294 1152 5389 9155 1366 4199
37
6833 7538 5504 2964 7136 4017 7235 4826 7365 6446 6697 6009 1595 2404 7855 5142 3775 1017 1212 5865 8781 7861 8752 8171 3521 4691 3969 8730 7208 4404 7971 3931 4061 9875 5273 8276 1077
22
1171 8416 1919 1907 9516 1800 1683 4230 4304 8410 6036 2277 8751 4515 3210 1835 9409 9722 2420 5138 7454 9851
20
1024 4483 7331 8372 6429 1047 7876 5078 8276 1631 4172 5797 3135 2044 5198 3433 6732 1957 9563 4387
20
2867 9971 3843 4951 7902 4495 1670 9298 9691 1851 9500 3668 6988 7293 5224 4251 4881 8035 2964 4471
29
6368 5551 5512 3871 3730 5711 6581 9207 6060 6396 4645 5546 5678 5222 3147 2961 1807 5516 7374 6484 9590 8263 8752 2209 9124 1190 4322 8612 9605
19
8033 7562 3136 2970 3319 6134 7148 2786 5609 2707 5656 9443 3052 2797 8780 5973 8735 2769 1033
40
6138 4831 5923 2775 1355 5729 3275 9168 9897 9146 3560 3708 6490 7107 5171 3099 5389 8621 5281 9763 3123 6374 1408 9555 8512 2558 8280 1040 6019 7786 9925 4831 5209 2643 1183 5730 7148 2613 8980 8832
1
8993
22
6332 1643 2962 6677 4512 8010 5113 9146 9253 8458 1644 2944 3486 9435 4857 4469 3181 7171 4809 2189 6829 2582
32
8909 1889 2584 7293 3137 8349 1715 1056 7155 9349 8063 7884 2569 9834 6079 6988 4302 8305 1791 1975 6971 2052 1319 1229 5585 3704 2351 8295 3312 2522 2407 7989
22
1633 7328 8694 4454 9332 4388 9662 3754 4635 8841 6170 7924 2506 6504 6070 5458 7579 5198 3606 6042 9714 7475
14
8742 7458 2078 4926 7634 3317 7014 3941 5099 6759 7945 7618 6830 1047
27
7854 9498 1318 3583 2840 7679 6810 7858 2721 5324 8777 2965 1557 8565 6410 2983 2049 1088 7068 9855 8423 5677 1189 2195 5394 2765 5540
50
2370 4999 1875 8587 7924 4886 5645 4654 3088 7581 6138 9283 9199 6728 6315 8148 7888 7068 3639 2915 9276 8234 4429 6039 8622 4716 9576 7730 9445 5516 6019 1406 3638 4410 4017 6622 1197 8054 3095 8683 2967 6392 7513 3643 1249 2960 8252 5381 9202 2709
16
8799 3707 9917 7445 5961 3783 6608 7529 4168 1701 3652 8566 1534 6629 6372 1452
49
8073 5070 5741 6301 9336 6332 9359 8926 6955 5389 5469 3937 7400 5043 6744 2332 4303 1920 2013 3306 8162 5865 3099 5850 5747 3322 7676 1220 1440 4439 2147 6377 4308 8475 2867 3146 8051 7786 7520 2900 8838 1313 6091 3036 8685 7031 9667 4349 2249
30
7270 5724 7825 7980 8993 1194 8878 8001 5026 6542 3694 1045 6514 2073 2553 1081 3832 7103 6409 6248 3535 4014 1206 4068 9167 4407 5818 7303 9135 1040
12
2517 7075 9711 8719 5000 2462 3219 7064 2224 6770 2832 6417
42
6117 4452 1137 8011 2184 8808 5836 9527 6155 1550 4749 6384 7597 9095 7625 7674 5446 7410 8237 5682 9754 4727 5988 7357 4447 3325 7179 9567 5095 2112 6171 6602 2632 2746 7106 8994 5021 9388 3834 3193 8112 5032
8
7991 2307 7521 7748 3903 9203 7001 7442
5
2084 6570 9540 5936 7978
41
4473 8880 7024 2782 4430 3075 2053 3047 7511 5912 1612 5465 7170 8280 1144 5874 3394 9477 9676 7795 9649 5707 5156 1854 9899 3707 4540 2994 8864 8404 7818 7698 7296 5764 2462 5548 2212 4154 2150 2901 5937
9
6255 3397 2323 6232 2263 4283 1688 8391 8215
13
8873 5024 8276 1728 5303 8479 2773 9587 3097 5785 5358 6172 1070
